% FL-RIS Traffic Table: AllReduce butterfly (4 stages, 5 rounds)
% Format: src dst pir por t_on t_off t_period
% Model: 2824448 bytes = 176528 flits
% FL Rounds: 5
%
0 1 0.027582 0.027582 1000 25999 501001
1 0 0.027582 0.027582 1000 25999 501001
2 3 0.027582 0.027582 1000 25999 501001
3 2 0.027582 0.027582 1000 25999 501001
4 5 0.027582 0.027582 1000 25999 501001
5 4 0.027582 0.027582 1000 25999 501001
6 7 0.027582 0.027582 1000 25999 501001
7 6 0.027582 0.027582 1000 25999 501001
8 9 0.027582 0.027582 1000 25999 501001
9 8 0.027582 0.027582 1000 25999 501001
10 11 0.027582 0.027582 1000 25999 501001
11 10 0.027582 0.027582 1000 25999 501001
12 13 0.027582 0.027582 1000 25999 501001
13 12 0.027582 0.027582 1000 25999 501001
14 15 0.027582 0.027582 1000 25999 501001
15 14 0.027582 0.027582 1000 25999 501001
0 2 0.027582 0.027582 26000 50999 501001
1 3 0.027582 0.027582 26000 50999 501001
2 0 0.027582 0.027582 26000 50999 501001
3 1 0.027582 0.027582 26000 50999 501001
4 6 0.027582 0.027582 26000 50999 501001
5 7 0.027582 0.027582 26000 50999 501001
6 4 0.027582 0.027582 26000 50999 501001
7 5 0.027582 0.027582 26000 50999 501001
8 10 0.027582 0.027582 26000 50999 501001
9 11 0.027582 0.027582 26000 50999 501001
10 8 0.027582 0.027582 26000 50999 501001
11 9 0.027582 0.027582 26000 50999 501001
12 14 0.027582 0.027582 26000 50999 501001
13 15 0.027582 0.027582 26000 50999 501001
14 12 0.027582 0.027582 26000 50999 501001
15 13 0.027582 0.027582 26000 50999 501001
0 4 0.027582 0.027582 51000 75999 501001
1 5 0.027582 0.027582 51000 75999 501001
2 6 0.027582 0.027582 51000 75999 501001
3 7 0.027582 0.027582 51000 75999 501001
4 0 0.027582 0.027582 51000 75999 501001
5 1 0.027582 0.027582 51000 75999 501001
6 2 0.027582 0.027582 51000 75999 501001
7 3 0.027582 0.027582 51000 75999 501001
8 12 0.027582 0.027582 51000 75999 501001
9 13 0.027582 0.027582 51000 75999 501001
10 14 0.027582 0.027582 51000 75999 501001
11 15 0.027582 0.027582 51000 75999 501001
12 8 0.027582 0.027582 51000 75999 501001
13 9 0.027582 0.027582 51000 75999 501001
14 10 0.027582 0.027582 51000 75999 501001
15 11 0.027582 0.027582 51000 75999 501001
0 8 0.027582 0.027582 76000 100999 501001
1 9 0.027582 0.027582 76000 100999 501001
2 10 0.027582 0.027582 76000 100999 501001
3 11 0.027582 0.027582 76000 100999 501001
4 12 0.027582 0.027582 76000 100999 501001
5 13 0.027582 0.027582 76000 100999 501001
6 14 0.027582 0.027582 76000 100999 501001
7 15 0.027582 0.027582 76000 100999 501001
8 0 0.027582 0.027582 76000 100999 501001
9 1 0.027582 0.027582 76000 100999 501001
10 2 0.027582 0.027582 76000 100999 501001
11 3 0.027582 0.027582 76000 100999 501001
12 4 0.027582 0.027582 76000 100999 501001
13 5 0.027582 0.027582 76000 100999 501001
14 6 0.027582 0.027582 76000 100999 501001
15 7 0.027582 0.027582 76000 100999 501001
0 1 0.027582 0.027582 101000 125999 501001
1 0 0.027582 0.027582 101000 125999 501001
2 3 0.027582 0.027582 101000 125999 501001
3 2 0.027582 0.027582 101000 125999 501001
4 5 0.027582 0.027582 101000 125999 501001
5 4 0.027582 0.027582 101000 125999 501001
6 7 0.027582 0.027582 101000 125999 501001
7 6 0.027582 0.027582 101000 125999 501001
8 9 0.027582 0.027582 101000 125999 501001
9 8 0.027582 0.027582 101000 125999 501001
10 11 0.027582 0.027582 101000 125999 501001
11 10 0.027582 0.027582 101000 125999 501001
12 13 0.027582 0.027582 101000 125999 501001
13 12 0.027582 0.027582 101000 125999 501001
14 15 0.027582 0.027582 101000 125999 501001
15 14 0.027582 0.027582 101000 125999 501001
0 2 0.027582 0.027582 126000 150999 501001
1 3 0.027582 0.027582 126000 150999 501001
2 0 0.027582 0.027582 126000 150999 501001
3 1 0.027582 0.027582 126000 150999 501001
4 6 0.027582 0.027582 126000 150999 501001
5 7 0.027582 0.027582 126000 150999 501001
6 4 0.027582 0.027582 126000 150999 501001
7 5 0.027582 0.027582 126000 150999 501001
8 10 0.027582 0.027582 126000 150999 501001
9 11 0.027582 0.027582 126000 150999 501001
10 8 0.027582 0.027582 126000 150999 501001
11 9 0.027582 0.027582 126000 150999 501001
12 14 0.027582 0.027582 126000 150999 501001
13 15 0.027582 0.027582 126000 150999 501001
14 12 0.027582 0.027582 126000 150999 501001
15 13 0.027582 0.027582 126000 150999 501001
0 4 0.027582 0.027582 151000 175999 501001
1 5 0.027582 0.027582 151000 175999 501001
2 6 0.027582 0.027582 151000 175999 501001
3 7 0.027582 0.027582 151000 175999 501001
4 0 0.027582 0.027582 151000 175999 501001
5 1 0.027582 0.027582 151000 175999 501001
6 2 0.027582 0.027582 151000 175999 501001
7 3 0.027582 0.027582 151000 175999 501001
8 12 0.027582 0.027582 151000 175999 501001
9 13 0.027582 0.027582 151000 175999 501001
10 14 0.027582 0.027582 151000 175999 501001
11 15 0.027582 0.027582 151000 175999 501001
12 8 0.027582 0.027582 151000 175999 501001
13 9 0.027582 0.027582 151000 175999 501001
14 10 0.027582 0.027582 151000 175999 501001
15 11 0.027582 0.027582 151000 175999 501001
0 8 0.027582 0.027582 176000 200999 501001
1 9 0.027582 0.027582 176000 200999 501001
2 10 0.027582 0.027582 176000 200999 501001
3 11 0.027582 0.027582 176000 200999 501001
4 12 0.027582 0.027582 176000 200999 501001
5 13 0.027582 0.027582 176000 200999 501001
6 14 0.027582 0.027582 176000 200999 501001
7 15 0.027582 0.027582 176000 200999 501001
8 0 0.027582 0.027582 176000 200999 501001
9 1 0.027582 0.027582 176000 200999 501001
10 2 0.027582 0.027582 176000 200999 501001
11 3 0.027582 0.027582 176000 200999 501001
12 4 0.027582 0.027582 176000 200999 501001
13 5 0.027582 0.027582 176000 200999 501001
14 6 0.027582 0.027582 176000 200999 501001
15 7 0.027582 0.027582 176000 200999 501001
0 1 0.027582 0.027582 201000 225999 501001
1 0 0.027582 0.027582 201000 225999 501001
2 3 0.027582 0.027582 201000 225999 501001
3 2 0.027582 0.027582 201000 225999 501001
4 5 0.027582 0.027582 201000 225999 501001
5 4 0.027582 0.027582 201000 225999 501001
6 7 0.027582 0.027582 201000 225999 501001
7 6 0.027582 0.027582 201000 225999 501001
8 9 0.027582 0.027582 201000 225999 501001
9 8 0.027582 0.027582 201000 225999 501001
10 11 0.027582 0.027582 201000 225999 501001
11 10 0.027582 0.027582 201000 225999 501001
12 13 0.027582 0.027582 201000 225999 501001
13 12 0.027582 0.027582 201000 225999 501001
14 15 0.027582 0.027582 201000 225999 501001
15 14 0.027582 0.027582 201000 225999 501001
0 2 0.027582 0.027582 226000 250999 501001
1 3 0.027582 0.027582 226000 250999 501001
2 0 0.027582 0.027582 226000 250999 501001
3 1 0.027582 0.027582 226000 250999 501001
4 6 0.027582 0.027582 226000 250999 501001
5 7 0.027582 0.027582 226000 250999 501001
6 4 0.027582 0.027582 226000 250999 501001
7 5 0.027582 0.027582 226000 250999 501001
8 10 0.027582 0.027582 226000 250999 501001
9 11 0.027582 0.027582 226000 250999 501001
10 8 0.027582 0.027582 226000 250999 501001
11 9 0.027582 0.027582 226000 250999 501001
12 14 0.027582 0.027582 226000 250999 501001
13 15 0.027582 0.027582 226000 250999 501001
14 12 0.027582 0.027582 226000 250999 501001
15 13 0.027582 0.027582 226000 250999 501001
0 4 0.027582 0.027582 251000 275999 501001
1 5 0.027582 0.027582 251000 275999 501001
2 6 0.027582 0.027582 251000 275999 501001
3 7 0.027582 0.027582 251000 275999 501001
4 0 0.027582 0.027582 251000 275999 501001
5 1 0.027582 0.027582 251000 275999 501001
6 2 0.027582 0.027582 251000 275999 501001
7 3 0.027582 0.027582 251000 275999 501001
8 12 0.027582 0.027582 251000 275999 501001
9 13 0.027582 0.027582 251000 275999 501001
10 14 0.027582 0.027582 251000 275999 501001
11 15 0.027582 0.027582 251000 275999 501001
12 8 0.027582 0.027582 251000 275999 501001
13 9 0.027582 0.027582 251000 275999 501001
14 10 0.027582 0.027582 251000 275999 501001
15 11 0.027582 0.027582 251000 275999 501001
0 8 0.027582 0.027582 276000 300999 501001
1 9 0.027582 0.027582 276000 300999 501001
2 10 0.027582 0.027582 276000 300999 501001
3 11 0.027582 0.027582 276000 300999 501001
4 12 0.027582 0.027582 276000 300999 501001
5 13 0.027582 0.027582 276000 300999 501001
6 14 0.027582 0.027582 276000 300999 501001
7 15 0.027582 0.027582 276000 300999 501001
8 0 0.027582 0.027582 276000 300999 501001
9 1 0.027582 0.027582 276000 300999 501001
10 2 0.027582 0.027582 276000 300999 501001
11 3 0.027582 0.027582 276000 300999 501001
12 4 0.027582 0.027582 276000 300999 501001
13 5 0.027582 0.027582 276000 300999 501001
14 6 0.027582 0.027582 276000 300999 501001
15 7 0.027582 0.027582 276000 300999 501001
0 1 0.027582 0.027582 301000 325999 501001
1 0 0.027582 0.027582 301000 325999 501001
2 3 0.027582 0.027582 301000 325999 501001
3 2 0.027582 0.027582 301000 325999 501001
4 5 0.027582 0.027582 301000 325999 501001
5 4 0.027582 0.027582 301000 325999 501001
6 7 0.027582 0.027582 301000 325999 501001
7 6 0.027582 0.027582 301000 325999 501001
8 9 0.027582 0.027582 301000 325999 501001
9 8 0.027582 0.027582 301000 325999 501001
10 11 0.027582 0.027582 301000 325999 501001
11 10 0.027582 0.027582 301000 325999 501001
12 13 0.027582 0.027582 301000 325999 501001
13 12 0.027582 0.027582 301000 325999 501001
14 15 0.027582 0.027582 301000 325999 501001
15 14 0.027582 0.027582 301000 325999 501001
0 2 0.027582 0.027582 326000 350999 501001
1 3 0.027582 0.027582 326000 350999 501001
2 0 0.027582 0.027582 326000 350999 501001
3 1 0.027582 0.027582 326000 350999 501001
4 6 0.027582 0.027582 326000 350999 501001
5 7 0.027582 0.027582 326000 350999 501001
6 4 0.027582 0.027582 326000 350999 501001
7 5 0.027582 0.027582 326000 350999 501001
8 10 0.027582 0.027582 326000 350999 501001
9 11 0.027582 0.027582 326000 350999 501001
10 8 0.027582 0.027582 326000 350999 501001
11 9 0.027582 0.027582 326000 350999 501001
12 14 0.027582 0.027582 326000 350999 501001
13 15 0.027582 0.027582 326000 350999 501001
14 12 0.027582 0.027582 326000 350999 501001
15 13 0.027582 0.027582 326000 350999 501001
0 4 0.027582 0.027582 351000 375999 501001
1 5 0.027582 0.027582 351000 375999 501001
2 6 0.027582 0.027582 351000 375999 501001
3 7 0.027582 0.027582 351000 375999 501001
4 0 0.027582 0.027582 351000 375999 501001
5 1 0.027582 0.027582 351000 375999 501001
6 2 0.027582 0.027582 351000 375999 501001
7 3 0.027582 0.027582 351000 375999 501001
8 12 0.027582 0.027582 351000 375999 501001
9 13 0.027582 0.027582 351000 375999 501001
10 14 0.027582 0.027582 351000 375999 501001
11 15 0.027582 0.027582 351000 375999 501001
12 8 0.027582 0.027582 351000 375999 501001
13 9 0.027582 0.027582 351000 375999 501001
14 10 0.027582 0.027582 351000 375999 501001
15 11 0.027582 0.027582 351000 375999 501001
0 8 0.027582 0.027582 376000 400999 501001
1 9 0.027582 0.027582 376000 400999 501001
2 10 0.027582 0.027582 376000 400999 501001
3 11 0.027582 0.027582 376000 400999 501001
4 12 0.027582 0.027582 376000 400999 501001
5 13 0.027582 0.027582 376000 400999 501001
6 14 0.027582 0.027582 376000 400999 501001
7 15 0.027582 0.027582 376000 400999 501001
8 0 0.027582 0.027582 376000 400999 501001
9 1 0.027582 0.027582 376000 400999 501001
10 2 0.027582 0.027582 376000 400999 501001
11 3 0.027582 0.027582 376000 400999 501001
12 4 0.027582 0.027582 376000 400999 501001
13 5 0.027582 0.027582 376000 400999 501001
14 6 0.027582 0.027582 376000 400999 501001
15 7 0.027582 0.027582 376000 400999 501001
0 1 0.027582 0.027582 401000 425999 501001
1 0 0.027582 0.027582 401000 425999 501001
2 3 0.027582 0.027582 401000 425999 501001
3 2 0.027582 0.027582 401000 425999 501001
4 5 0.027582 0.027582 401000 425999 501001
5 4 0.027582 0.027582 401000 425999 501001
6 7 0.027582 0.027582 401000 425999 501001
7 6 0.027582 0.027582 401000 425999 501001
8 9 0.027582 0.027582 401000 425999 501001
9 8 0.027582 0.027582 401000 425999 501001
10 11 0.027582 0.027582 401000 425999 501001
11 10 0.027582 0.027582 401000 425999 501001
12 13 0.027582 0.027582 401000 425999 501001
13 12 0.027582 0.027582 401000 425999 501001
14 15 0.027582 0.027582 401000 425999 501001
15 14 0.027582 0.027582 401000 425999 501001
0 2 0.027582 0.027582 426000 450999 501001
1 3 0.027582 0.027582 426000 450999 501001
2 0 0.027582 0.027582 426000 450999 501001
3 1 0.027582 0.027582 426000 450999 501001
4 6 0.027582 0.027582 426000 450999 501001
5 7 0.027582 0.027582 426000 450999 501001
6 4 0.027582 0.027582 426000 450999 501001
7 5 0.027582 0.027582 426000 450999 501001
8 10 0.027582 0.027582 426000 450999 501001
9 11 0.027582 0.027582 426000 450999 501001
10 8 0.027582 0.027582 426000 450999 501001
11 9 0.027582 0.027582 426000 450999 501001
12 14 0.027582 0.027582 426000 450999 501001
13 15 0.027582 0.027582 426000 450999 501001
14 12 0.027582 0.027582 426000 450999 501001
15 13 0.027582 0.027582 426000 450999 501001
0 4 0.027582 0.027582 451000 475999 501001
1 5 0.027582 0.027582 451000 475999 501001
2 6 0.027582 0.027582 451000 475999 501001
3 7 0.027582 0.027582 451000 475999 501001
4 0 0.027582 0.027582 451000 475999 501001
5 1 0.027582 0.027582 451000 475999 501001
6 2 0.027582 0.027582 451000 475999 501001
7 3 0.027582 0.027582 451000 475999 501001
8 12 0.027582 0.027582 451000 475999 501001
9 13 0.027582 0.027582 451000 475999 501001
10 14 0.027582 0.027582 451000 475999 501001
11 15 0.027582 0.027582 451000 475999 501001
12 8 0.027582 0.027582 451000 475999 501001
13 9 0.027582 0.027582 451000 475999 501001
14 10 0.027582 0.027582 451000 475999 501001
15 11 0.027582 0.027582 451000 475999 501001
0 8 0.027582 0.027582 476000 500999 501001
1 9 0.027582 0.027582 476000 500999 501001
2 10 0.027582 0.027582 476000 500999 501001
3 11 0.027582 0.027582 476000 500999 501001
4 12 0.027582 0.027582 476000 500999 501001
5 13 0.027582 0.027582 476000 500999 501001
6 14 0.027582 0.027582 476000 500999 501001
7 15 0.027582 0.027582 476000 500999 501001
8 0 0.027582 0.027582 476000 500999 501001
9 1 0.027582 0.027582 476000 500999 501001
10 2 0.027582 0.027582 476000 500999 501001
11 3 0.027582 0.027582 476000 500999 501001
12 4 0.027582 0.027582 476000 500999 501001
13 5 0.027582 0.027582 476000 500999 501001
14 6 0.027582 0.027582 476000 500999 501001
15 7 0.027582 0.027582 476000 500999 501001
