% FL-RIS Traffic Table: RingAllReduce INT8 (44132 flits/model, 5 rounds)
% Format: src dst pir por t_on t_off t_period
% Model: 2824448 bytes = 176528 flits
% FL Rounds: 5
%
0 1 0.000431 0.000431 1000 100999 501001
1 2 0.000431 0.000431 1000 100999 501001
2 3 0.000431 0.000431 1000 100999 501001
3 7 0.000431 0.000431 1000 100999 501001
7 6 0.000431 0.000431 1000 100999 501001
6 5 0.000431 0.000431 1000 100999 501001
5 4 0.000431 0.000431 1000 100999 501001
4 8 0.000431 0.000431 1000 100999 501001
8 9 0.000431 0.000431 1000 100999 501001
9 10 0.000431 0.000431 1000 100999 501001
10 11 0.000431 0.000431 1000 100999 501001
11 15 0.000431 0.000431 1000 100999 501001
15 14 0.000431 0.000431 1000 100999 501001
14 13 0.000431 0.000431 1000 100999 501001
13 12 0.000431 0.000431 1000 100999 501001
12 0 0.000431 0.000431 1000 100999 501001
0 1 0.000431 0.000431 101000 200999 501001
1 2 0.000431 0.000431 101000 200999 501001
2 3 0.000431 0.000431 101000 200999 501001
3 7 0.000431 0.000431 101000 200999 501001
7 6 0.000431 0.000431 101000 200999 501001
6 5 0.000431 0.000431 101000 200999 501001
5 4 0.000431 0.000431 101000 200999 501001
4 8 0.000431 0.000431 101000 200999 501001
8 9 0.000431 0.000431 101000 200999 501001
9 10 0.000431 0.000431 101000 200999 501001
10 11 0.000431 0.000431 101000 200999 501001
11 15 0.000431 0.000431 101000 200999 501001
15 14 0.000431 0.000431 101000 200999 501001
14 13 0.000431 0.000431 101000 200999 501001
13 12 0.000431 0.000431 101000 200999 501001
12 0 0.000431 0.000431 101000 200999 501001
0 1 0.000431 0.000431 201000 300999 501001
1 2 0.000431 0.000431 201000 300999 501001
2 3 0.000431 0.000431 201000 300999 501001
3 7 0.000431 0.000431 201000 300999 501001
7 6 0.000431 0.000431 201000 300999 501001
6 5 0.000431 0.000431 201000 300999 501001
5 4 0.000431 0.000431 201000 300999 501001
4 8 0.000431 0.000431 201000 300999 501001
8 9 0.000431 0.000431 201000 300999 501001
9 10 0.000431 0.000431 201000 300999 501001
10 11 0.000431 0.000431 201000 300999 501001
11 15 0.000431 0.000431 201000 300999 501001
15 14 0.000431 0.000431 201000 300999 501001
14 13 0.000431 0.000431 201000 300999 501001
13 12 0.000431 0.000431 201000 300999 501001
12 0 0.000431 0.000431 201000 300999 501001
0 1 0.000431 0.000431 301000 400999 501001
1 2 0.000431 0.000431 301000 400999 501001
2 3 0.000431 0.000431 301000 400999 501001
3 7 0.000431 0.000431 301000 400999 501001
7 6 0.000431 0.000431 301000 400999 501001
6 5 0.000431 0.000431 301000 400999 501001
5 4 0.000431 0.000431 301000 400999 501001
4 8 0.000431 0.000431 301000 400999 501001
8 9 0.000431 0.000431 301000 400999 501001
9 10 0.000431 0.000431 301000 400999 501001
10 11 0.000431 0.000431 301000 400999 501001
11 15 0.000431 0.000431 301000 400999 501001
15 14 0.000431 0.000431 301000 400999 501001
14 13 0.000431 0.000431 301000 400999 501001
13 12 0.000431 0.000431 301000 400999 501001
12 0 0.000431 0.000431 301000 400999 501001
0 1 0.000431 0.000431 401000 500999 501001
1 2 0.000431 0.000431 401000 500999 501001
2 3 0.000431 0.000431 401000 500999 501001
3 7 0.000431 0.000431 401000 500999 501001
7 6 0.000431 0.000431 401000 500999 501001
6 5 0.000431 0.000431 401000 500999 501001
5 4 0.000431 0.000431 401000 500999 501001
4 8 0.000431 0.000431 401000 500999 501001
8 9 0.000431 0.000431 401000 500999 501001
9 10 0.000431 0.000431 401000 500999 501001
10 11 0.000431 0.000431 401000 500999 501001
11 15 0.000431 0.000431 401000 500999 501001
15 14 0.000431 0.000431 401000 500999 501001
14 13 0.000431 0.000431 401000 500999 501001
13 12 0.000431 0.000431 401000 500999 501001
12 0 0.000431 0.000431 401000 500999 501001
