% FL-RIS Traffic Table: Gossip (neighbor exchange, 5 rounds)
% Format: src dst pir por t_on t_off t_period
% Model: 2824448 bytes = 176528 flits
% FL Rounds: 5
%
0 1 0.013790 0.013790 1000 100999 501001
1 0 0.013790 0.013790 1000 100999 501001
0 4 0.013790 0.013790 1000 100999 501001
4 0 0.013790 0.013790 1000 100999 501001
1 2 0.013790 0.013790 1000 100999 501001
2 1 0.013790 0.013790 1000 100999 501001
1 5 0.013790 0.013790 1000 100999 501001
5 1 0.013790 0.013790 1000 100999 501001
2 3 0.013790 0.013790 1000 100999 501001
3 2 0.013790 0.013790 1000 100999 501001
2 6 0.013790 0.013790 1000 100999 501001
6 2 0.013790 0.013790 1000 100999 501001
3 7 0.013790 0.013790 1000 100999 501001
7 3 0.013790 0.013790 1000 100999 501001
4 5 0.013790 0.013790 1000 100999 501001
5 4 0.013790 0.013790 1000 100999 501001
4 8 0.013790 0.013790 1000 100999 501001
8 4 0.013790 0.013790 1000 100999 501001
5 6 0.013790 0.013790 1000 100999 501001
6 5 0.013790 0.013790 1000 100999 501001
5 9 0.013790 0.013790 1000 100999 501001
9 5 0.013790 0.013790 1000 100999 501001
6 7 0.013790 0.013790 1000 100999 501001
7 6 0.013790 0.013790 1000 100999 501001
6 10 0.013790 0.013790 1000 100999 501001
10 6 0.013790 0.013790 1000 100999 501001
7 11 0.013790 0.013790 1000 100999 501001
11 7 0.013790 0.013790 1000 100999 501001
8 9 0.013790 0.013790 1000 100999 501001
9 8 0.013790 0.013790 1000 100999 501001
8 12 0.013790 0.013790 1000 100999 501001
12 8 0.013790 0.013790 1000 100999 501001
9 10 0.013790 0.013790 1000 100999 501001
10 9 0.013790 0.013790 1000 100999 501001
9 13 0.013790 0.013790 1000 100999 501001
13 9 0.013790 0.013790 1000 100999 501001
10 11 0.013790 0.013790 1000 100999 501001
11 10 0.013790 0.013790 1000 100999 501001
10 14 0.013790 0.013790 1000 100999 501001
14 10 0.013790 0.013790 1000 100999 501001
11 15 0.013790 0.013790 1000 100999 501001
15 11 0.013790 0.013790 1000 100999 501001
12 13 0.013790 0.013790 1000 100999 501001
13 12 0.013790 0.013790 1000 100999 501001
13 14 0.013790 0.013790 1000 100999 501001
14 13 0.013790 0.013790 1000 100999 501001
14 15 0.013790 0.013790 1000 100999 501001
15 14 0.013790 0.013790 1000 100999 501001
0 1 0.013790 0.013790 101000 200999 501001
1 0 0.013790 0.013790 101000 200999 501001
0 4 0.013790 0.013790 101000 200999 501001
4 0 0.013790 0.013790 101000 200999 501001
1 2 0.013790 0.013790 101000 200999 501001
2 1 0.013790 0.013790 101000 200999 501001
1 5 0.013790 0.013790 101000 200999 501001
5 1 0.013790 0.013790 101000 200999 501001
2 3 0.013790 0.013790 101000 200999 501001
3 2 0.013790 0.013790 101000 200999 501001
2 6 0.013790 0.013790 101000 200999 501001
6 2 0.013790 0.013790 101000 200999 501001
3 7 0.013790 0.013790 101000 200999 501001
7 3 0.013790 0.013790 101000 200999 501001
4 5 0.013790 0.013790 101000 200999 501001
5 4 0.013790 0.013790 101000 200999 501001
4 8 0.013790 0.013790 101000 200999 501001
8 4 0.013790 0.013790 101000 200999 501001
5 6 0.013790 0.013790 101000 200999 501001
6 5 0.013790 0.013790 101000 200999 501001
5 9 0.013790 0.013790 101000 200999 501001
9 5 0.013790 0.013790 101000 200999 501001
6 7 0.013790 0.013790 101000 200999 501001
7 6 0.013790 0.013790 101000 200999 501001
6 10 0.013790 0.013790 101000 200999 501001
10 6 0.013790 0.013790 101000 200999 501001
7 11 0.013790 0.013790 101000 200999 501001
11 7 0.013790 0.013790 101000 200999 501001
8 9 0.013790 0.013790 101000 200999 501001
9 8 0.013790 0.013790 101000 200999 501001
8 12 0.013790 0.013790 101000 200999 501001
12 8 0.013790 0.013790 101000 200999 501001
9 10 0.013790 0.013790 101000 200999 501001
10 9 0.013790 0.013790 101000 200999 501001
9 13 0.013790 0.013790 101000 200999 501001
13 9 0.013790 0.013790 101000 200999 501001
10 11 0.013790 0.013790 101000 200999 501001
11 10 0.013790 0.013790 101000 200999 501001
10 14 0.013790 0.013790 101000 200999 501001
14 10 0.013790 0.013790 101000 200999 501001
11 15 0.013790 0.013790 101000 200999 501001
15 11 0.013790 0.013790 101000 200999 501001
12 13 0.013790 0.013790 101000 200999 501001
13 12 0.013790 0.013790 101000 200999 501001
13 14 0.013790 0.013790 101000 200999 501001
14 13 0.013790 0.013790 101000 200999 501001
14 15 0.013790 0.013790 101000 200999 501001
15 14 0.013790 0.013790 101000 200999 501001
0 1 0.013790 0.013790 201000 300999 501001
1 0 0.013790 0.013790 201000 300999 501001
0 4 0.013790 0.013790 201000 300999 501001
4 0 0.013790 0.013790 201000 300999 501001
1 2 0.013790 0.013790 201000 300999 501001
2 1 0.013790 0.013790 201000 300999 501001
1 5 0.013790 0.013790 201000 300999 501001
5 1 0.013790 0.013790 201000 300999 501001
2 3 0.013790 0.013790 201000 300999 501001
3 2 0.013790 0.013790 201000 300999 501001
2 6 0.013790 0.013790 201000 300999 501001
6 2 0.013790 0.013790 201000 300999 501001
3 7 0.013790 0.013790 201000 300999 501001
7 3 0.013790 0.013790 201000 300999 501001
4 5 0.013790 0.013790 201000 300999 501001
5 4 0.013790 0.013790 201000 300999 501001
4 8 0.013790 0.013790 201000 300999 501001
8 4 0.013790 0.013790 201000 300999 501001
5 6 0.013790 0.013790 201000 300999 501001
6 5 0.013790 0.013790 201000 300999 501001
5 9 0.013790 0.013790 201000 300999 501001
9 5 0.013790 0.013790 201000 300999 501001
6 7 0.013790 0.013790 201000 300999 501001
7 6 0.013790 0.013790 201000 300999 501001
6 10 0.013790 0.013790 201000 300999 501001
10 6 0.013790 0.013790 201000 300999 501001
7 11 0.013790 0.013790 201000 300999 501001
11 7 0.013790 0.013790 201000 300999 501001
8 9 0.013790 0.013790 201000 300999 501001
9 8 0.013790 0.013790 201000 300999 501001
8 12 0.013790 0.013790 201000 300999 501001
12 8 0.013790 0.013790 201000 300999 501001
9 10 0.013790 0.013790 201000 300999 501001
10 9 0.013790 0.013790 201000 300999 501001
9 13 0.013790 0.013790 201000 300999 501001
13 9 0.013790 0.013790 201000 300999 501001
10 11 0.013790 0.013790 201000 300999 501001
11 10 0.013790 0.013790 201000 300999 501001
10 14 0.013790 0.013790 201000 300999 501001
14 10 0.013790 0.013790 201000 300999 501001
11 15 0.013790 0.013790 201000 300999 501001
15 11 0.013790 0.013790 201000 300999 501001
12 13 0.013790 0.013790 201000 300999 501001
13 12 0.013790 0.013790 201000 300999 501001
13 14 0.013790 0.013790 201000 300999 501001
14 13 0.013790 0.013790 201000 300999 501001
14 15 0.013790 0.013790 201000 300999 501001
15 14 0.013790 0.013790 201000 300999 501001
0 1 0.013790 0.013790 301000 400999 501001
1 0 0.013790 0.013790 301000 400999 501001
0 4 0.013790 0.013790 301000 400999 501001
4 0 0.013790 0.013790 301000 400999 501001
1 2 0.013790 0.013790 301000 400999 501001
2 1 0.013790 0.013790 301000 400999 501001
1 5 0.013790 0.013790 301000 400999 501001
5 1 0.013790 0.013790 301000 400999 501001
2 3 0.013790 0.013790 301000 400999 501001
3 2 0.013790 0.013790 301000 400999 501001
2 6 0.013790 0.013790 301000 400999 501001
6 2 0.013790 0.013790 301000 400999 501001
3 7 0.013790 0.013790 301000 400999 501001
7 3 0.013790 0.013790 301000 400999 501001
4 5 0.013790 0.013790 301000 400999 501001
5 4 0.013790 0.013790 301000 400999 501001
4 8 0.013790 0.013790 301000 400999 501001
8 4 0.013790 0.013790 301000 400999 501001
5 6 0.013790 0.013790 301000 400999 501001
6 5 0.013790 0.013790 301000 400999 501001
5 9 0.013790 0.013790 301000 400999 501001
9 5 0.013790 0.013790 301000 400999 501001
6 7 0.013790 0.013790 301000 400999 501001
7 6 0.013790 0.013790 301000 400999 501001
6 10 0.013790 0.013790 301000 400999 501001
10 6 0.013790 0.013790 301000 400999 501001
7 11 0.013790 0.013790 301000 400999 501001
11 7 0.013790 0.013790 301000 400999 501001
8 9 0.013790 0.013790 301000 400999 501001
9 8 0.013790 0.013790 301000 400999 501001
8 12 0.013790 0.013790 301000 400999 501001
12 8 0.013790 0.013790 301000 400999 501001
9 10 0.013790 0.013790 301000 400999 501001
10 9 0.013790 0.013790 301000 400999 501001
9 13 0.013790 0.013790 301000 400999 501001
13 9 0.013790 0.013790 301000 400999 501001
10 11 0.013790 0.013790 301000 400999 501001
11 10 0.013790 0.013790 301000 400999 501001
10 14 0.013790 0.013790 301000 400999 501001
14 10 0.013790 0.013790 301000 400999 501001
11 15 0.013790 0.013790 301000 400999 501001
15 11 0.013790 0.013790 301000 400999 501001
12 13 0.013790 0.013790 301000 400999 501001
13 12 0.013790 0.013790 301000 400999 501001
13 14 0.013790 0.013790 301000 400999 501001
14 13 0.013790 0.013790 301000 400999 501001
14 15 0.013790 0.013790 301000 400999 501001
15 14 0.013790 0.013790 301000 400999 501001
0 1 0.013790 0.013790 401000 500999 501001
1 0 0.013790 0.013790 401000 500999 501001
0 4 0.013790 0.013790 401000 500999 501001
4 0 0.013790 0.013790 401000 500999 501001
1 2 0.013790 0.013790 401000 500999 501001
2 1 0.013790 0.013790 401000 500999 501001
1 5 0.013790 0.013790 401000 500999 501001
5 1 0.013790 0.013790 401000 500999 501001
2 3 0.013790 0.013790 401000 500999 501001
3 2 0.013790 0.013790 401000 500999 501001
2 6 0.013790 0.013790 401000 500999 501001
6 2 0.013790 0.013790 401000 500999 501001
3 7 0.013790 0.013790 401000 500999 501001
7 3 0.013790 0.013790 401000 500999 501001
4 5 0.013790 0.013790 401000 500999 501001
5 4 0.013790 0.013790 401000 500999 501001
4 8 0.013790 0.013790 401000 500999 501001
8 4 0.013790 0.013790 401000 500999 501001
5 6 0.013790 0.013790 401000 500999 501001
6 5 0.013790 0.013790 401000 500999 501001
5 9 0.013790 0.013790 401000 500999 501001
9 5 0.013790 0.013790 401000 500999 501001
6 7 0.013790 0.013790 401000 500999 501001
7 6 0.013790 0.013790 401000 500999 501001
6 10 0.013790 0.013790 401000 500999 501001
10 6 0.013790 0.013790 401000 500999 501001
7 11 0.013790 0.013790 401000 500999 501001
11 7 0.013790 0.013790 401000 500999 501001
8 9 0.013790 0.013790 401000 500999 501001
9 8 0.013790 0.013790 401000 500999 501001
8 12 0.013790 0.013790 401000 500999 501001
12 8 0.013790 0.013790 401000 500999 501001
9 10 0.013790 0.013790 401000 500999 501001
10 9 0.013790 0.013790 401000 500999 501001
9 13 0.013790 0.013790 401000 500999 501001
13 9 0.013790 0.013790 401000 500999 501001
10 11 0.013790 0.013790 401000 500999 501001
11 10 0.013790 0.013790 401000 500999 501001
10 14 0.013790 0.013790 401000 500999 501001
14 10 0.013790 0.013790 401000 500999 501001
11 15 0.013790 0.013790 401000 500999 501001
15 11 0.013790 0.013790 401000 500999 501001
12 13 0.013790 0.013790 401000 500999 501001
13 12 0.013790 0.013790 401000 500999 501001
13 14 0.013790 0.013790 401000 500999 501001
14 13 0.013790 0.013790 401000 500999 501001
14 15 0.013790 0.013790 401000 500999 501001
15 14 0.013790 0.013790 401000 500999 501001
