% FL-RIS Traffic Table: ParameterServer (server=node0, 5 rounds)
% Format: src dst pir por t_on t_off t_period
% Model: 2824448 bytes = 176528 flits
% FL Rounds: 5
%
1 0 0.027580 0.027580 1000 50999 501001
2 0 0.027580 0.027580 1000 50999 501001
3 0 0.027580 0.027580 1000 50999 501001
4 0 0.027580 0.027580 1000 50999 501001
5 0 0.027580 0.027580 1000 50999 501001
6 0 0.027580 0.027580 1000 50999 501001
7 0 0.027580 0.027580 1000 50999 501001
8 0 0.027580 0.027580 1000 50999 501001
9 0 0.027580 0.027580 1000 50999 501001
10 0 0.027580 0.027580 1000 50999 501001
11 0 0.027580 0.027580 1000 50999 501001
12 0 0.027580 0.027580 1000 50999 501001
13 0 0.027580 0.027580 1000 50999 501001
14 0 0.027580 0.027580 1000 50999 501001
15 0 0.027580 0.027580 1000 50999 501001
0 1 0.027580 0.027580 51000 100999 501001
0 2 0.027580 0.027580 51000 100999 501001
0 3 0.027580 0.027580 51000 100999 501001
0 4 0.027580 0.027580 51000 100999 501001
0 5 0.027580 0.027580 51000 100999 501001
0 6 0.027580 0.027580 51000 100999 501001
0 7 0.027580 0.027580 51000 100999 501001
0 8 0.027580 0.027580 51000 100999 501001
0 9 0.027580 0.027580 51000 100999 501001
0 10 0.027580 0.027580 51000 100999 501001
0 11 0.027580 0.027580 51000 100999 501001
0 12 0.027580 0.027580 51000 100999 501001
0 13 0.027580 0.027580 51000 100999 501001
0 14 0.027580 0.027580 51000 100999 501001
0 15 0.027580 0.027580 51000 100999 501001
1 0 0.027580 0.027580 101000 150999 501001
2 0 0.027580 0.027580 101000 150999 501001
3 0 0.027580 0.027580 101000 150999 501001
4 0 0.027580 0.027580 101000 150999 501001
5 0 0.027580 0.027580 101000 150999 501001
6 0 0.027580 0.027580 101000 150999 501001
7 0 0.027580 0.027580 101000 150999 501001
8 0 0.027580 0.027580 101000 150999 501001
9 0 0.027580 0.027580 101000 150999 501001
10 0 0.027580 0.027580 101000 150999 501001
11 0 0.027580 0.027580 101000 150999 501001
12 0 0.027580 0.027580 101000 150999 501001
13 0 0.027580 0.027580 101000 150999 501001
14 0 0.027580 0.027580 101000 150999 501001
15 0 0.027580 0.027580 101000 150999 501001
0 1 0.027580 0.027580 151000 200999 501001
0 2 0.027580 0.027580 151000 200999 501001
0 3 0.027580 0.027580 151000 200999 501001
0 4 0.027580 0.027580 151000 200999 501001
0 5 0.027580 0.027580 151000 200999 501001
0 6 0.027580 0.027580 151000 200999 501001
0 7 0.027580 0.027580 151000 200999 501001
0 8 0.027580 0.027580 151000 200999 501001
0 9 0.027580 0.027580 151000 200999 501001
0 10 0.027580 0.027580 151000 200999 501001
0 11 0.027580 0.027580 151000 200999 501001
0 12 0.027580 0.027580 151000 200999 501001
0 13 0.027580 0.027580 151000 200999 501001
0 14 0.027580 0.027580 151000 200999 501001
0 15 0.027580 0.027580 151000 200999 501001
1 0 0.027580 0.027580 201000 250999 501001
2 0 0.027580 0.027580 201000 250999 501001
3 0 0.027580 0.027580 201000 250999 501001
4 0 0.027580 0.027580 201000 250999 501001
5 0 0.027580 0.027580 201000 250999 501001
6 0 0.027580 0.027580 201000 250999 501001
7 0 0.027580 0.027580 201000 250999 501001
8 0 0.027580 0.027580 201000 250999 501001
9 0 0.027580 0.027580 201000 250999 501001
10 0 0.027580 0.027580 201000 250999 501001
11 0 0.027580 0.027580 201000 250999 501001
12 0 0.027580 0.027580 201000 250999 501001
13 0 0.027580 0.027580 201000 250999 501001
14 0 0.027580 0.027580 201000 250999 501001
15 0 0.027580 0.027580 201000 250999 501001
0 1 0.027580 0.027580 251000 300999 501001
0 2 0.027580 0.027580 251000 300999 501001
0 3 0.027580 0.027580 251000 300999 501001
0 4 0.027580 0.027580 251000 300999 501001
0 5 0.027580 0.027580 251000 300999 501001
0 6 0.027580 0.027580 251000 300999 501001
0 7 0.027580 0.027580 251000 300999 501001
0 8 0.027580 0.027580 251000 300999 501001
0 9 0.027580 0.027580 251000 300999 501001
0 10 0.027580 0.027580 251000 300999 501001
0 11 0.027580 0.027580 251000 300999 501001
0 12 0.027580 0.027580 251000 300999 501001
0 13 0.027580 0.027580 251000 300999 501001
0 14 0.027580 0.027580 251000 300999 501001
0 15 0.027580 0.027580 251000 300999 501001
1 0 0.027580 0.027580 301000 350999 501001
2 0 0.027580 0.027580 301000 350999 501001
3 0 0.027580 0.027580 301000 350999 501001
4 0 0.027580 0.027580 301000 350999 501001
5 0 0.027580 0.027580 301000 350999 501001
6 0 0.027580 0.027580 301000 350999 501001
7 0 0.027580 0.027580 301000 350999 501001
8 0 0.027580 0.027580 301000 350999 501001
9 0 0.027580 0.027580 301000 350999 501001
10 0 0.027580 0.027580 301000 350999 501001
11 0 0.027580 0.027580 301000 350999 501001
12 0 0.027580 0.027580 301000 350999 501001
13 0 0.027580 0.027580 301000 350999 501001
14 0 0.027580 0.027580 301000 350999 501001
15 0 0.027580 0.027580 301000 350999 501001
0 1 0.027580 0.027580 351000 400999 501001
0 2 0.027580 0.027580 351000 400999 501001
0 3 0.027580 0.027580 351000 400999 501001
0 4 0.027580 0.027580 351000 400999 501001
0 5 0.027580 0.027580 351000 400999 501001
0 6 0.027580 0.027580 351000 400999 501001
0 7 0.027580 0.027580 351000 400999 501001
0 8 0.027580 0.027580 351000 400999 501001
0 9 0.027580 0.027580 351000 400999 501001
0 10 0.027580 0.027580 351000 400999 501001
0 11 0.027580 0.027580 351000 400999 501001
0 12 0.027580 0.027580 351000 400999 501001
0 13 0.027580 0.027580 351000 400999 501001
0 14 0.027580 0.027580 351000 400999 501001
0 15 0.027580 0.027580 351000 400999 501001
1 0 0.027580 0.027580 401000 450999 501001
2 0 0.027580 0.027580 401000 450999 501001
3 0 0.027580 0.027580 401000 450999 501001
4 0 0.027580 0.027580 401000 450999 501001
5 0 0.027580 0.027580 401000 450999 501001
6 0 0.027580 0.027580 401000 450999 501001
7 0 0.027580 0.027580 401000 450999 501001
8 0 0.027580 0.027580 401000 450999 501001
9 0 0.027580 0.027580 401000 450999 501001
10 0 0.027580 0.027580 401000 450999 501001
11 0 0.027580 0.027580 401000 450999 501001
12 0 0.027580 0.027580 401000 450999 501001
13 0 0.027580 0.027580 401000 450999 501001
14 0 0.027580 0.027580 401000 450999 501001
15 0 0.027580 0.027580 401000 450999 501001
0 1 0.027580 0.027580 451000 500999 501001
0 2 0.027580 0.027580 451000 500999 501001
0 3 0.027580 0.027580 451000 500999 501001
0 4 0.027580 0.027580 451000 500999 501001
0 5 0.027580 0.027580 451000 500999 501001
0 6 0.027580 0.027580 451000 500999 501001
0 7 0.027580 0.027580 451000 500999 501001
0 8 0.027580 0.027580 451000 500999 501001
0 9 0.027580 0.027580 451000 500999 501001
0 10 0.027580 0.027580 451000 500999 501001
0 11 0.027580 0.027580 451000 500999 501001
0 12 0.027580 0.027580 451000 500999 501001
0 13 0.027580 0.027580 451000 500999 501001
0 14 0.027580 0.027580 451000 500999 501001
0 15 0.027580 0.027580 451000 500999 501001
