% FL-RIS Traffic Table: Duty Cycling (4/16 active, RingAllReduce, 5 rounds)
% Format: src dst pir por t_on t_off t_period
% Model: 2824448 bytes = 176528 flits
% FL Rounds: 5
%
0 5 0.006896 0.006896 1000 100999 501001
5 10 0.006896 0.006896 1000 100999 501001
10 15 0.006896 0.006896 1000 100999 501001
15 0 0.006896 0.006896 1000 100999 501001
0 5 0.006896 0.006896 101000 200999 501001
5 10 0.006896 0.006896 101000 200999 501001
10 15 0.006896 0.006896 101000 200999 501001
15 0 0.006896 0.006896 101000 200999 501001
0 5 0.006896 0.006896 201000 300999 501001
5 10 0.006896 0.006896 201000 300999 501001
10 15 0.006896 0.006896 201000 300999 501001
15 0 0.006896 0.006896 201000 300999 501001
0 5 0.006896 0.006896 301000 400999 501001
5 10 0.006896 0.006896 301000 400999 501001
10 15 0.006896 0.006896 301000 400999 501001
15 0 0.006896 0.006896 301000 400999 501001
0 5 0.006896 0.006896 401000 500999 501001
5 10 0.006896 0.006896 401000 500999 501001
10 15 0.006896 0.006896 401000 500999 501001
15 0 0.006896 0.006896 401000 500999 501001
