% FL-RIS Traffic Table: RingAllReduce (16 nodes, 5 rounds)
% Format: src dst pir por t_on t_off t_period
% Model: 2824448 bytes = 176528 flits
% FL Rounds: 5
%
0 1 0.001724 0.001724 1000 100999 501001
1 2 0.001724 0.001724 1000 100999 501001
2 3 0.001724 0.001724 1000 100999 501001
3 7 0.001724 0.001724 1000 100999 501001
7 6 0.001724 0.001724 1000 100999 501001
6 5 0.001724 0.001724 1000 100999 501001
5 4 0.001724 0.001724 1000 100999 501001
4 8 0.001724 0.001724 1000 100999 501001
8 9 0.001724 0.001724 1000 100999 501001
9 10 0.001724 0.001724 1000 100999 501001
10 11 0.001724 0.001724 1000 100999 501001
11 15 0.001724 0.001724 1000 100999 501001
15 14 0.001724 0.001724 1000 100999 501001
14 13 0.001724 0.001724 1000 100999 501001
13 12 0.001724 0.001724 1000 100999 501001
12 0 0.001724 0.001724 1000 100999 501001
0 1 0.001724 0.001724 101000 200999 501001
1 2 0.001724 0.001724 101000 200999 501001
2 3 0.001724 0.001724 101000 200999 501001
3 7 0.001724 0.001724 101000 200999 501001
7 6 0.001724 0.001724 101000 200999 501001
6 5 0.001724 0.001724 101000 200999 501001
5 4 0.001724 0.001724 101000 200999 501001
4 8 0.001724 0.001724 101000 200999 501001
8 9 0.001724 0.001724 101000 200999 501001
9 10 0.001724 0.001724 101000 200999 501001
10 11 0.001724 0.001724 101000 200999 501001
11 15 0.001724 0.001724 101000 200999 501001
15 14 0.001724 0.001724 101000 200999 501001
14 13 0.001724 0.001724 101000 200999 501001
13 12 0.001724 0.001724 101000 200999 501001
12 0 0.001724 0.001724 101000 200999 501001
0 1 0.001724 0.001724 201000 300999 501001
1 2 0.001724 0.001724 201000 300999 501001
2 3 0.001724 0.001724 201000 300999 501001
3 7 0.001724 0.001724 201000 300999 501001
7 6 0.001724 0.001724 201000 300999 501001
6 5 0.001724 0.001724 201000 300999 501001
5 4 0.001724 0.001724 201000 300999 501001
4 8 0.001724 0.001724 201000 300999 501001
8 9 0.001724 0.001724 201000 300999 501001
9 10 0.001724 0.001724 201000 300999 501001
10 11 0.001724 0.001724 201000 300999 501001
11 15 0.001724 0.001724 201000 300999 501001
15 14 0.001724 0.001724 201000 300999 501001
14 13 0.001724 0.001724 201000 300999 501001
13 12 0.001724 0.001724 201000 300999 501001
12 0 0.001724 0.001724 201000 300999 501001
0 1 0.001724 0.001724 301000 400999 501001
1 2 0.001724 0.001724 301000 400999 501001
2 3 0.001724 0.001724 301000 400999 501001
3 7 0.001724 0.001724 301000 400999 501001
7 6 0.001724 0.001724 301000 400999 501001
6 5 0.001724 0.001724 301000 400999 501001
5 4 0.001724 0.001724 301000 400999 501001
4 8 0.001724 0.001724 301000 400999 501001
8 9 0.001724 0.001724 301000 400999 501001
9 10 0.001724 0.001724 301000 400999 501001
10 11 0.001724 0.001724 301000 400999 501001
11 15 0.001724 0.001724 301000 400999 501001
15 14 0.001724 0.001724 301000 400999 501001
14 13 0.001724 0.001724 301000 400999 501001
13 12 0.001724 0.001724 301000 400999 501001
12 0 0.001724 0.001724 301000 400999 501001
0 1 0.001724 0.001724 401000 500999 501001
1 2 0.001724 0.001724 401000 500999 501001
2 3 0.001724 0.001724 401000 500999 501001
3 7 0.001724 0.001724 401000 500999 501001
7 6 0.001724 0.001724 401000 500999 501001
6 5 0.001724 0.001724 401000 500999 501001
5 4 0.001724 0.001724 401000 500999 501001
4 8 0.001724 0.001724 401000 500999 501001
8 9 0.001724 0.001724 401000 500999 501001
9 10 0.001724 0.001724 401000 500999 501001
10 11 0.001724 0.001724 401000 500999 501001
11 15 0.001724 0.001724 401000 500999 501001
15 14 0.001724 0.001724 401000 500999 501001
14 13 0.001724 0.001724 401000 500999 501001
13 12 0.001724 0.001724 401000 500999 501001
12 0 0.001724 0.001724 401000 500999 501001
