% FL-RIS Traffic Table: Non-IID alpha=0.1 (skewed PIR, ParameterServer, 5 rounds)
% Format: src dst pir por t_on t_off t_period
% Model: 2824448 bytes = 176528 flits
% FL Rounds: 5
%
1 0 0.004876 0.004876 1000 50999 501001
2 0 0.002438 0.002438 1000 50999 501001
3 0 0.050000 0.050000 1000 50999 501001
4 0 0.007314 0.007314 1000 50999 501001
5 0 0.050000 0.050000 1000 50999 501001
6 0 0.002438 0.002438 1000 50999 501001
7 0 0.012190 0.012190 1000 50999 501001
8 0 0.024380 0.024380 1000 50999 501001
9 0 0.002438 0.002438 1000 50999 501001
10 0 0.004876 0.004876 1000 50999 501001
11 0 0.050000 0.050000 1000 50999 501001
12 0 0.009752 0.009752 1000 50999 501001
13 0 0.002438 0.002438 1000 50999 501001
14 0 0.048760 0.048760 1000 50999 501001
15 0 0.002438 0.002438 1000 50999 501001
0 1 0.027580 0.027580 51000 100999 501001
0 2 0.027580 0.027580 51000 100999 501001
0 3 0.027580 0.027580 51000 100999 501001
0 4 0.027580 0.027580 51000 100999 501001
0 5 0.027580 0.027580 51000 100999 501001
0 6 0.027580 0.027580 51000 100999 501001
0 7 0.027580 0.027580 51000 100999 501001
0 8 0.027580 0.027580 51000 100999 501001
0 9 0.027580 0.027580 51000 100999 501001
0 10 0.027580 0.027580 51000 100999 501001
0 11 0.027580 0.027580 51000 100999 501001
0 12 0.027580 0.027580 51000 100999 501001
0 13 0.027580 0.027580 51000 100999 501001
0 14 0.027580 0.027580 51000 100999 501001
0 15 0.027580 0.027580 51000 100999 501001
1 0 0.004876 0.004876 101000 150999 501001
2 0 0.002438 0.002438 101000 150999 501001
3 0 0.050000 0.050000 101000 150999 501001
4 0 0.007314 0.007314 101000 150999 501001
5 0 0.050000 0.050000 101000 150999 501001
6 0 0.002438 0.002438 101000 150999 501001
7 0 0.012190 0.012190 101000 150999 501001
8 0 0.024380 0.024380 101000 150999 501001
9 0 0.002438 0.002438 101000 150999 501001
10 0 0.004876 0.004876 101000 150999 501001
11 0 0.050000 0.050000 101000 150999 501001
12 0 0.009752 0.009752 101000 150999 501001
13 0 0.002438 0.002438 101000 150999 501001
14 0 0.048760 0.048760 101000 150999 501001
15 0 0.002438 0.002438 101000 150999 501001
0 1 0.027580 0.027580 151000 200999 501001
0 2 0.027580 0.027580 151000 200999 501001
0 3 0.027580 0.027580 151000 200999 501001
0 4 0.027580 0.027580 151000 200999 501001
0 5 0.027580 0.027580 151000 200999 501001
0 6 0.027580 0.027580 151000 200999 501001
0 7 0.027580 0.027580 151000 200999 501001
0 8 0.027580 0.027580 151000 200999 501001
0 9 0.027580 0.027580 151000 200999 501001
0 10 0.027580 0.027580 151000 200999 501001
0 11 0.027580 0.027580 151000 200999 501001
0 12 0.027580 0.027580 151000 200999 501001
0 13 0.027580 0.027580 151000 200999 501001
0 14 0.027580 0.027580 151000 200999 501001
0 15 0.027580 0.027580 151000 200999 501001
1 0 0.004876 0.004876 201000 250999 501001
2 0 0.002438 0.002438 201000 250999 501001
3 0 0.050000 0.050000 201000 250999 501001
4 0 0.007314 0.007314 201000 250999 501001
5 0 0.050000 0.050000 201000 250999 501001
6 0 0.002438 0.002438 201000 250999 501001
7 0 0.012190 0.012190 201000 250999 501001
8 0 0.024380 0.024380 201000 250999 501001
9 0 0.002438 0.002438 201000 250999 501001
10 0 0.004876 0.004876 201000 250999 501001
11 0 0.050000 0.050000 201000 250999 501001
12 0 0.009752 0.009752 201000 250999 501001
13 0 0.002438 0.002438 201000 250999 501001
14 0 0.048760 0.048760 201000 250999 501001
15 0 0.002438 0.002438 201000 250999 501001
0 1 0.027580 0.027580 251000 300999 501001
0 2 0.027580 0.027580 251000 300999 501001
0 3 0.027580 0.027580 251000 300999 501001
0 4 0.027580 0.027580 251000 300999 501001
0 5 0.027580 0.027580 251000 300999 501001
0 6 0.027580 0.027580 251000 300999 501001
0 7 0.027580 0.027580 251000 300999 501001
0 8 0.027580 0.027580 251000 300999 501001
0 9 0.027580 0.027580 251000 300999 501001
0 10 0.027580 0.027580 251000 300999 501001
0 11 0.027580 0.027580 251000 300999 501001
0 12 0.027580 0.027580 251000 300999 501001
0 13 0.027580 0.027580 251000 300999 501001
0 14 0.027580 0.027580 251000 300999 501001
0 15 0.027580 0.027580 251000 300999 501001
1 0 0.004876 0.004876 301000 350999 501001
2 0 0.002438 0.002438 301000 350999 501001
3 0 0.050000 0.050000 301000 350999 501001
4 0 0.007314 0.007314 301000 350999 501001
5 0 0.050000 0.050000 301000 350999 501001
6 0 0.002438 0.002438 301000 350999 501001
7 0 0.012190 0.012190 301000 350999 501001
8 0 0.024380 0.024380 301000 350999 501001
9 0 0.002438 0.002438 301000 350999 501001
10 0 0.004876 0.004876 301000 350999 501001
11 0 0.050000 0.050000 301000 350999 501001
12 0 0.009752 0.009752 301000 350999 501001
13 0 0.002438 0.002438 301000 350999 501001
14 0 0.048760 0.048760 301000 350999 501001
15 0 0.002438 0.002438 301000 350999 501001
0 1 0.027580 0.027580 351000 400999 501001
0 2 0.027580 0.027580 351000 400999 501001
0 3 0.027580 0.027580 351000 400999 501001
0 4 0.027580 0.027580 351000 400999 501001
0 5 0.027580 0.027580 351000 400999 501001
0 6 0.027580 0.027580 351000 400999 501001
0 7 0.027580 0.027580 351000 400999 501001
0 8 0.027580 0.027580 351000 400999 501001
0 9 0.027580 0.027580 351000 400999 501001
0 10 0.027580 0.027580 351000 400999 501001
0 11 0.027580 0.027580 351000 400999 501001
0 12 0.027580 0.027580 351000 400999 501001
0 13 0.027580 0.027580 351000 400999 501001
0 14 0.027580 0.027580 351000 400999 501001
0 15 0.027580 0.027580 351000 400999 501001
1 0 0.004876 0.004876 401000 450999 501001
2 0 0.002438 0.002438 401000 450999 501001
3 0 0.050000 0.050000 401000 450999 501001
4 0 0.007314 0.007314 401000 450999 501001
5 0 0.050000 0.050000 401000 450999 501001
6 0 0.002438 0.002438 401000 450999 501001
7 0 0.012190 0.012190 401000 450999 501001
8 0 0.024380 0.024380 401000 450999 501001
9 0 0.002438 0.002438 401000 450999 501001
10 0 0.004876 0.004876 401000 450999 501001
11 0 0.050000 0.050000 401000 450999 501001
12 0 0.009752 0.009752 401000 450999 501001
13 0 0.002438 0.002438 401000 450999 501001
14 0 0.048760 0.048760 401000 450999 501001
15 0 0.002438 0.002438 401000 450999 501001
0 1 0.027580 0.027580 451000 500999 501001
0 2 0.027580 0.027580 451000 500999 501001
0 3 0.027580 0.027580 451000 500999 501001
0 4 0.027580 0.027580 451000 500999 501001
0 5 0.027580 0.027580 451000 500999 501001
0 6 0.027580 0.027580 451000 500999 501001
0 7 0.027580 0.027580 451000 500999 501001
0 8 0.027580 0.027580 451000 500999 501001
0 9 0.027580 0.027580 451000 500999 501001
0 10 0.027580 0.027580 451000 500999 501001
0 11 0.027580 0.027580 451000 500999 501001
0 12 0.027580 0.027580 451000 500999 501001
0 13 0.027580 0.027580 451000 500999 501001
0 14 0.027580 0.027580 451000 500999 501001
0 15 0.027580 0.027580 451000 500999 501001
